    1d Space-time wave equation, order-1:
        c*dt/dx  = (0.2
        (dx, dt) = (0.001, 0.000125)
        (nx, nt) = (2000, 8000)
        (Px, Pt) = (4, 16)


 Num MPI tasks = 64

 Num OpenMP threads = 1


BoomerAMG SETUP PARAMETERS:

 Max levels = 25
 Num levels = 20

 Strength Threshold = 0.100000
 Interpolation Truncation Factor = 0.000000
 Maximum Row Sum Threshold for Dependency Weakening = 0.900000

 Coarsening Type = Falgout-CLJP 
 measures are determined locally


 No global partition option chosen.

 Interpolation = one-point interpolation 
 Restriction = local approximate ideal restriction (AIR-1.5)

Operator Matrix Information:

            nonzero         entries per row        row sums
lev   rows  entries  sparse  min  max   avg       min         max
===================================================================
 0 32000000 223976000  0.000     1    7   7.0  -1.250e-04   1.000e+00
 1 15996000 111954000  0.000     1    7   7.0  -1.250e-04   1.000e+00
 2 8012032 87996100  0.000     1   11  11.0  -2.500e-04   1.000e+00
 3 4019596 66183131  0.000     1   24  16.5  -5.003e-04   1.000e+00
 4 2023622 50775127  0.000     1   42  25.1  -1.001e-03   1.000e+00
 5 1023946 38244552  0.000     1   63  37.4  -2.012e-03   1.000e+00
 6  573764 31534567  0.000     1  107  55.0  -6.336e-03   1.000e+00
 7  341402 28445800  0.000     1  190  83.3  -1.224e-02   1.000e+00
 8  207722 26455135  0.001     1  284  127.4  -2.447e-02   1.000e+00
 9  126144 24592692  0.002     1  477  195.0  -4.305e-02   1.000e+00
10   78220 23500612  0.004     1  627  300.4  -6.485e-02   1.000e+00
11   48858 21556256  0.009     1  900  441.2  -1.043e-01   1.000e+00
12   31102 18041108  0.019     1 1225  580.1  -1.304e-01   1.000e+00
13   19808 11296210  0.029     1 1454  570.3  -1.838e-01   1.000e+00
14   12502  4867271  0.031     1 1201  389.3  -2.302e-01   1.000e+00
15    7374  1622006  0.030     1  741  220.0  -3.044e-01   1.000e+00
16    4062   431115  0.026     1  399  106.1  -2.594e-01   1.000e+00
17    1418    42072  0.021     1  163  29.7  -7.010e-02   1.000e+00
18     294     1939  0.022     1   33   6.6   2.034e-01   1.000e+00
19       6       10  0.278     1    3   1.7   9.764e-01   1.000e+00


Interpolation Matrix Information:
                 entries/row    min     max         row sums
lev  rows cols    min max     weight   weight     min       max 
=================================================================
 0 32000000 x 15996000   0   1   1.000e+00 0.000e+00 0.000e+00 1.000e+00
 1 15996000 x 8012032   0   1   1.000e+00 0.000e+00 0.000e+00 1.000e+00
 2 8012032 x 4019596   0   1   1.000e+00 0.000e+00 0.000e+00 1.000e+00
 3 4019596 x 2023622   0   1   1.000e+00 0.000e+00 0.000e+00 1.000e+00
 4 2023622 x 1023946   0   1   1.000e+00 0.000e+00 0.000e+00 1.000e+00
 5 1023946 x 573764   0   1   1.000e+00 0.000e+00 0.000e+00 1.000e+00
 6 573764 x 341402   0   1   1.000e+00 0.000e+00 0.000e+00 1.000e+00
 7 341402 x 207722   0   1   1.000e+00 0.000e+00 0.000e+00 1.000e+00
 8 207722 x 126144   0   1   1.000e+00 0.000e+00 0.000e+00 1.000e+00
 9 126144 x 78220   0   1   1.000e+00 0.000e+00 0.000e+00 1.000e+00
10 78220 x 48858   0   1   1.000e+00 0.000e+00 0.000e+00 1.000e+00
11 48858 x 31102   0   1   1.000e+00 0.000e+00 0.000e+00 1.000e+00
12 31102 x 19808   0   1   1.000e+00 0.000e+00 0.000e+00 1.000e+00
13 19808 x 12502   0   1   1.000e+00 0.000e+00 0.000e+00 1.000e+00
14 12502 x 7374    0   1   1.000e+00 0.000e+00 0.000e+00 1.000e+00
15  7374 x 4062    0   1   1.000e+00 0.000e+00 0.000e+00 1.000e+00
16  4062 x 1418    0   1   1.000e+00 0.000e+00 0.000e+00 1.000e+00
17  1418 x 294     0   1   1.000e+00 0.000e+00 0.000e+00 1.000e+00
18   294 x 6       0   1   1.000e+00 0.000e+00 0.000e+00 1.000e+00


     Complexity:    grid = 2.016496
                operator = 3.444636
                memory = 3.732605




BoomerAMG SOLVER PARAMETERS:

  Maximum number of cycles:         250 
  Stopping Tolerance:               1.000000e-08 
  Cycle type (0 = F, 1 = V, 2 = W.):  0

  Relaxation Parameters:
   Visiting Grid:                     down 